fx = 1.000621893257644*1.0e+03;
fy = 1.017473951321606*1.0e+03;
ux = 1.0e+03 * 0.968620789005673;
uy = 1.0e+03 * 0.538724895794938;
KK = eye(3);
KK(1,1) = fx;
KK(2,2) = fy;
KK(1,3) = ux;
KK(2,3) = uy;